a
3.4224241971969604e-05 0.08861986547708511 -0.03548390418291092
0.02971620298922062 0.06631090492010117 -0.034953489899635315
0.040332235395908356 0.0348028764128685 -0.0349888876080513
0.04560602456331253 -0.001267668791115284 -0.031108129769563675
0.04522746056318283 -0.032244306057691574 -0.015887178480625153
0.029001815244555473 -0.0007582285907119513 -0.0010213212808594108
0.02950417995452881 -0.014986522495746613 -0.021955689415335655
0.03104143775999546 0.002482212381437421 -0.033085402101278305
0.029191194102168083 0.028899215161800385 -0.021588822826743126
0.005417350679636002 -0.003749954979866743 0.004113505594432354
0.005793123506009579 -0.019757138565182686 -0.020485540851950645
0.012177251279354095 0.0050062197260558605 -0.03701658546924591
0.013491537421941757 0.027371801435947418 -0.025683637708425522
-0.01979248784482479 0.0010660269763320684 0.0017074714414775372
-0.016736162826418877 -0.018640443682670593 -0.025315560400485992
-0.008706314489245415 0.0035475781187415123 -0.041509199887514114
-0.005310019478201866 0.02754608727991581 -0.03531616926193237
-0.03321688622236252 0.010333853773772717 -0.008468328975141048
-0.03765399008989334 -0.011022871360182762 -0.02688298374414444
-0.027391675859689713 0.0025928339455276728 -0.04731335863471031
-0.02309282124042511 0.020506015047430992 -0.04180421680212021
b
-0.004627852234989405 0.09568805247545242 0.003796166740357876
0.02708749659359455 0.07148268073797226 -0.004226620774716139
0.03746839240193367 0.0477616973221302 -0.01435566321015358
0.02964562177658081 0.012048959732055664 -0.03186774626374245
0.010917067527770996 0.0009037300478667021 -0.03251241147518158
0.024206198751926422 -0.005635109264403582 0.0021364726126194
0.027193833142518997 -0.03695910796523094 -0.0002644577471073717
0.025961004197597504 -0.05811329185962677 -0.005257513839751482
0.024067426100373268 -0.07769817858934402 -0.022484274581074715
0.0034442057367414236 -0.0060982718132436275 0.001180757419206202
0.0076179602183401585 -0.03943051025271416 0.0032020865473896265
0.011391610838472843 -0.06866612285375595 -0.013745876029133797
0.0144124710932374 -0.0881689041852951 -0.03347307816147804
-0.017174698412418365 0.00196039117872715 -0.0012595488224178553
-0.0128637058660388 -0.029586540535092354 -0.002934953197836876
-0.007676685228943825 -0.055345017462968826 -0.021475626155734062
-0.00186105293687433 -0.072408027946949 -0.036943186074495316
-0.03143327310681343 0.015822624787688255 -0.007334378082305193
-0.031149746850132942 -0.01006146240979433 -0.009282635524868965
-0.02612612023949623 -0.03272028639912605 -0.02110440284013748
-0.020816229283809662 -0.04593291133642197 -0.03739796578884125
f
-0.013266765512526035 0.09133610129356384 -0.021206652745604515
0.016957728192210197 0.07050835341215134 -0.01862666942179203
0.03399846702814102 0.04865013808012009 -0.021193984895944595
0.046368926763534546 0.01996593363583088 -0.02556810900568962
0.04603488743305206 -0.0024406197480857372 -0.021796587854623795
0.023898545652627945 0.0020907768048346043 0.006911616772413254
0.03448884189128876 -0.01564996875822544 -0.004096809308975935
0.039762429893016815 -0.020283419638872147 -0.01908428966999054
0.045216143131256104 -0.013412069529294968 -0.044823016971349716
0.004345206078141928 -0.004117205273360014 0.004190509673207998
0.01273864321410656 -0.036031294614076614 0.0054687135852873325
0.02267853170633316 -0.06040830910205841 -0.006840812042355537
0.03308262303471565 -0.07818503677845001 -0.030360732227563858
-0.017405018210411072 -0.003511341754347086 -0.004138749558478594
-0.011881349608302116 -0.036769889295101166 -0.00040910622919909656
-0.00520208477973938 -0.06255105882883072 -0.009224978275597095
0.0044291215017437935 -0.08136387914419174 -0.024185694754123688
-0.03040720708668232 0.005595744121819735 -0.01836545392870903
-0.037050507962703705 -0.020161684602499008 -0.014518545009195805
-0.03822694346308708 -0.04330211132764816 -0.022067762911319733
-0.03288980573415756 -0.061023350805044174 -0.03359438478946686
