a
241 254
285 229
305 173
309 124
313 90
282 134
281 100
283 140
282 170
255 133
256 98
260 147
261 178
229 137
227 99
235 144
238 175
201 146
201 113
211 140
217 162
b
267 288
302 280
320 243
306 213
283 196
303 192
303 150
302 120
301 96
279 190
282 143
283 111
284 84
257 195
261 150
264 120
267 97
235 206
239 168
242 145
245 126
f
250 298
281 278
304 244
314 213
315 188
285 198
300 172
308 169
312 172
268 188
277 145
286 119
295 96
249 189
249 144
254 115
261 92
229 199
221 162
218 138
219 116
