a
261 270
300 232
313 188
320 148
327 117
285 152
289 121
296 153
292 176
262 156
267 120
276 161
272 181
237 164
238 126
252 162
250 184
209 176
214 142
230 164
232 181
b
269 295
308 274
336 235
324 201
296 188
311 169
310 122
308 94
305 72
285 166
285 113
283 83
279 55
262 173
262 123
261 93
260 69
238 188
239 147
238 121
238 97
c
245 282
279 272
306 250
322 232
316 210
286 176
283 128
301 127
314 146
261 175
259 121
277 122
287 143
237 181
235 133
250 129
260 142
214 193
213 155
224 143
233 144
d
242 296
277 270
297 243
296 216
272 204
279 175
278 121
280 91
275 64
255 179
257 137
271 172
274 193
232 189
231 151
248 183
252 205
209 209
207 175
225 189
232 206
