a
266 264
304 231
320 180
327 137
333 103
290 138
303 107
313 140
309 170
266 139
277 104
291 144
289 173
240 146
246 103
263 137
263 167
211 158
214 117
233 135
238 158
b
268 284
301 267
327 237
321 212
300 197
305 173
303 128
300 100
295 77
283 172
280 121
276 90
271 62
262 180
259 132
258 103
255 79
242 196
239 158
237 134
237 112
c
247 279
276 264
303 241
323 227
334 212
280 168
279 122
297 120
311 135
259 170
258 115
280 116
294 135
238 178
235 128
256 125
271 138
216 193
211 155
223 142
235 139
d
239 282
271 267
297 245
311 225
304 209
280 177
279 125
279 96
274 71
258 181
267 151
284 180
288 204
236 190
243 159
262 185
267 208
214 204
219 174
235 187
242 203
e
255 274
287 260
311 231
306 209
279 202
292 171
304 132
320 154
323 178
268 171
279 129
296 164
293 190
245 177
248 135
267 165
268 191
219 191
220 155
238 168
242 186
f
281 285
312 263
334 233
346 210
349 188
306 171
322 138
332 154
335 171
285 171
289 118
291 87
290 59
266 182
264 132
266 102
267 76
247 200
242 162
241 138
244 114
g
169 254
175 203
217 176
262 177
291 186
237 168
305 159
349 155
382 154
252 199
307 191
289 199
265 204
261 234
303 220
288 226
269 231
267 266
299 249
285 254
267 260
h
173 236
183 194
221 171
261 174
289 185
238 164
297 160
334 160
360 161
244 192
310 187
350 185
379 184
247 222
308 219
332 220
343 222
248 251
294 244
308 242
315 241
i
260 280
222 243
211 201
226 175
253 168
240 165
250 134
252 151
250 173
275 166
280 145
277 161
274 179
305 174
307 151
302 167
298 183
328 187
341 143
342 117
339 96
j
180 153
233 131
286 132
322 154
341 174
326 124
368 175
346 189
323 184
318 142
358 202
328 213
311 205
305 166
344 222
315 230
293 223
285 193
328 234
351 259
375 275
k
274 301
306 276
320 236
314 203
307 174
300 178
307 131
309 103
308 77
272 182
257 127
246 95
236 71
248 198
251 164
271 192
283 217
228 222
239 195
258 213
270 232
l
245 294
288 266
321 238
353 215
378 197
280 170
280 127
281 102
276 79
256 173
259 132
271 165
270 185
232 183
235 147
250 180
247 196
210 202
213 170
229 190
229 204
m
266 285
308 266
332 231
339 207
342 192
298 160
332 177
334 219
327 240
265 162
300 182
306 231
299 246
236 177
269 193
278 235
271 247
211 200
238 210
250 238
246 244
n
268 288
304 267
333 231
344 205
344 187
298 162
338 164
344 205
337 227
266 161
309 162
315 213
307 229
237 173
276 175
287 223
282 239
210 193
246 198
260 230
259 240
o
234 162
263 146
280 128
294 118
303 112
266 93
300 102
321 112
336 123
263 93
301 103
324 116
340 127
261 98
302 107
324 119
339 131
263 108
297 112
313 120
323 129
p
164 180
211 199
258 205
289 216
314 230
287 148
330 151
360 150
386 150
270 139
304 177
316 211
321 237
248 140
277 186
261 206
243 214
226 148
253 183
245 199
231 205
q
180 86
209 147
242 182
251 217
254 248
325 147
338 204
346 244
351 275
322 134
317 210
281 201
263 178
308 128
309 203
272 196
254 175
288 130
292 189
266 189
250 173
r
273 284
304 259
320 224
315 195
298 174
293 169
288 125
284 98
278 75
273 171
272 123
277 93
279 67
252 181
255 146
272 173
281 196
233 199
238 165
256 181
268 203
s
277 271
311 236
324 188
318 148
299 121
295 143
302 103
317 128
315 154
272 144
272 97
291 129
292 157
247 150
241 101
266 129
272 161
221 164
217 120
241 132
253 155
t
269 260
305 227
322 178
322 139
314 115
295 130
310 96
327 123
327 150
271 132
282 88
302 123
301 150
246 140
250 96
272 129
274 158
217 155
219 114
242 131
249 151
u
284 272
313 245
325 212
315 186
294 173
299 164
297 120
293 96
287 75
280 167
275 119
273 88
267 61
262 179
263 149
283 175
291 196
245 197
248 163
266 177
276 196
v
280 271
308 246
320 211
306 190
281 183
292 162
296 119
295 95
291 73
269 166
255 120
245 91
233 68
252 179
254 153
275 178
286 198
238 199
241 169
258 181
268 197
w
286 283
316 261
333 231
317 210
294 195
308 162
316 119
319 92
319 68
283 163
279 112
275 82
269 54
261 177
254 135
249 107
244 79
244 205
258 184
273 199
284 219
x
289 274
315 254
335 220
329 193
305 183
298 165
293 126
303 110
313 101
272 172
285 153
297 189
293 202
250 186
266 173
279 205
275 216
229 206
244 193
258 213
257 221
y
292 265
323 236
337 187
342 152
358 124
291 157
304 145
314 178
318 202
265 165
279 155
294 191
302 216
243 179
253 165
273 194
287 217
223 195
207 158
200 134
197 111
z
236 261
270 256
292 237
306 222
311 209
271 164
291 131
309 108
322 89
251 167
301 159
313 189
307 209
239 181
287 184
295 208
288 221
232 204
272 207
282 224
278 235
0
243 267
284 245
311 210
329 181
332 155
270 158
285 113
313 129
323 150
259 157
283 109
314 130
320 154
250 159
277 115
308 134
316 159
244 167
274 133
298 144
306 163
1
271 276
300 255
319 229
319 212
308 201
291 167
297 121
299 93
297 68
267 172
295 159
306 187
304 204
249 186
280 185
290 210
286 223
235 205
263 204
274 222
271 231
2
274 277
302 257
317 226
304 207
283 197
299 165
309 118
313 90
314 67
272 170
255 119
242 89
231 66
249 186
259 167
278 193
287 213
232 208
245 191
262 206
272 222
3
263 281
300 261
334 223
359 197
383 176
292 169
298 121
302 92
302 67
263 175
250 125
238 95
224 72
238 191
237 173
254 203
265 227
218 211
218 197
237 218
250 234
4
274 285
304 266
325 240
309 222
286 214
314 175
332 129
341 99
346 73
285 174
284 120
283 88
280 58
259 185
248 137
243 106
236 77
234 206
217 170
206 147
196 123
5
255 275
293 259
326 230
353 206
383 189
290 173
302 125
307 96
310 70
260 172
256 119
252 88
247 59
235 183
223 136
215 105
208 78
213 202
193 169
179 147
166 127
6
274 294
308 278
330 248
308 230
279 218
312 175
327 127
334 99
337 72
280 173
279 116
274 84
268 55
255 186
248 142
243 113
239 86
236 211
251 198
267 217
277 239
7
282 291
315 273
333 242
319 220
292 205
314 170
325 120
330 90
330 64
283 171
273 119
269 89
263 60
257 185
247 158
268 185
282 206
234 206
211 179
196 159
182 137
8
292 286
320 267
340 233
335 211
317 188
314 165
320 113
320 83
319 58
287 169
295 131
306 159
310 183
261 179
253 133
253 106
251 84
238 199
215 167
201 144
189 118
9
287 286
321 267
350 241
361 218
355 198
320 172
339 136
350 154
353 176
292 165
299 115
304 86
306 59
266 174
259 127
258 96
256 68
240 195
221 159
209 136
201 111
